#Table1
merger
0.934000015258789
0.89300000667572
0.875
0.800000011920929
0.818000018596649
0.820999979972839
0.935000002384186
0.825999975204468
0.839999973773956
0.824999988079071
0.866999983787537
0.805999994277954
0.814999997615814
0.952000021934509
0.830999970436096
0.846000015735626
0.824000000953674
0.85699999332428
0.976999998092651
0.851999998092651
0.955999970436096
0.842000007629395
0.810000002384186
0.962999999523163
0.833000004291534
0.897000014781952
0.957000017166138
0.938000023365021
0.852999985218048
0.959999978542328
0.899999976158142
0.808000028133392
0.867999970912933
0.879000008106232
0.810999989509583
0.850000023841858
0.870000004768372
0.885999977588654
0.921999990940094
0.925999999046326
0.811999976634979
0.962000012397766
0.888999998569489
0.930000007152557
0.828000009059906
0.83899998664856
0.904999971389771
0.907000005245209
1
0.966000020503998
0.919000029563904
0.829999983310699
0.870999991893768
0.898000001907349
0.84799998998642
0.828999996185303
0.816999971866608
0.929000020027161
0.884999990463257
0.814000010490417
0.980000019073486
0.883000016212463
0.861000001430511
0.933000028133392
0.809000015258789
0.864000022411346
0.930999994277954
0.96399998664856
0.949000000953674
0.908999979496002
0.913999974727631
0.892000019550323
0.855000019073486
0.841000020503998
0.920000016689301
0.819999992847443
0.902999997138977
0.925000011920929
0.804000020027161
0.827000021934509
0.940999984741211
0.954999983310699
0.853999972343445
0.921000003814697
0.843999981880188
0.922999978065491
0.943000018596649
0.906000018119812
0.958000004291534
0.815999984741211
0.851000010967255
0.806999981403351
0.837000012397766
0.861999988555908
0.879999995231628
0.894999980926514
0.837999999523163
0.882000029087067
0.98199999332428
0.860000014305115
0.939000010490417
0.802999973297119
0.981000006198883
0.912999987602234
0.91100001335144
0.862999975681305
0.972000002861023
0.971000015735626
0.912000000476837
0.975000023841858
0.915000021457672
0.916999995708466
0.871999979019165
0.878000020980835
0.880999982357025
0.944000005722046
0.822000026702881
0.893999993801117
0.901000022888184
0.947000026702881
0.97299998998642
0.869000017642975
0.896000027656555
0.865000009536743
0.887000024318695
0.890999972820282
0.873000025749207
0.88400000333786
0.931999981403351
0.903999984264374
0.949999988079071
0.805000007152557
