Elliptical 0.6170829012750764 0.01605225172199539 0.21691498635249049 0.22837115070862124 0.8818746269041264 0.2693898031118309 0.6201635344875404 0.27293757271379665 0.5848189840756836 0.49953329173163313 0.12020937379838635 0.40695861342532647 0.6282431203661605 0.3792520583814156 0.33687923278616194 0.6447685153970417 0.5805524815946518 0.4997801957257381 0.5703203215054895 0.510064901306163 0.8263189622670162 0.8019952320218489 0.2743983722639587 0.5787048255539416 0.14685627306320587
Elliptical 0.7567136916640338 0.26631695002595157 0.5705476102078104 0.07263103946454535 0.8666746236481795 0.0 0.47899351598625917 0.31395421091574 0.0034796478763014504 1.0 1.0 0.3340467687366217 0.44360500174707196 0.38620592871314363 0.3731894567651634 0.5072370429831726 0.5584034966120882 0.436714553931119 0.3415069100950586 0.46987385121564434 0.41123171397946806 0.3448606691224118 0.3863932109031539 0.33898253387216715 0.4223484160638442
Elliptical 0.5145359246410558 0.025344267096377625 0.1500790159294731 0.3080897940153286 0.5094109464857636 0.5117478102657047 0.3348679761549301 0.2672271669504856 0.22247473247479033 0.5542839352672564 0.1690826727390606 0.45539902997907167 0.39105151962058904 0.21800465398895083 0.34969621228104575 0.440456708142858 0.4065014046343294 1.0 0.35372695454723063 0.6981371542545094 0.47640020323728927 0.3766194432168424 0.5322451022753295 0.2487374069233596 0.6385131591608343
Elliptical 1.0 1.0 0.27087695396186895 0.34315910311757314 0.1288409061204926 0.7785184293129845 0.4599682374936993 0.28247611301931996 0.41108241096163084 0.3382159798117851 0.04330480533429962 0.4475814208067184 0.5215956624515082 0.3128911544886855 0.40822971835423283 0.4803842618612623 0.4512356338653878 0.467502851106918 0.37576751183809687 0.4522822576964578 0.4083441383897729 0.3445734699245413 0.4122373915539491 0.3584755380845104 0.4309070293002688
Elliptical 0.3094994655603517 0.12706901438344667 0.5421706082677937 0.23739355764635528 0.5713069829401857 0.5229468025445873 0.3475537358688797 0.2926266892006512 0.3326324023458722 0.544901894163506 0.18368563027370705 0.4379644540416625 0.3725174137136895 0.31504273300572233 0.31146748440254796 0.7355902236723608 0.0 0.7933416324175366 0.6040260116668454 0.6634855978771657 0.5850991862495658 0.02728079027617697 0.8095816981221393 0.8300937883415458 0.18630038666753515
Elliptical 0.45506811410243747 0.05122795971543995 0.2233593994799175 0.20848791500921163 0.39029358836472156 0.4048814684287523 0.5498249966100847 0.35483145432534496 0.25934198826852844 0.508376289329181 0.17434846961050607 0.4088992047788592 0.4569825287838428 0.42922322049279094 0.3770950222988023 0.48153088368933966 0.31793565707921967 0.5326927486197588 0.26926502392678814 0.4545216510991161 0.2657544853429161 0.4490465792955285 0.28407589289696455 0.29973666570558094 0.49791938922738943
Elliptical 0.5416438891027099 0.002549223122896467 0.13531945379753985 0.32946331078606544 0.3402625043543477 0.43889541714746505 0.35619265373792697 0.3745901577355634 0.2689596654946829 0.447984922353368 0.244785118495082 0.46858344808276947 0.5514936910719441 0.21896466660664066 0.35814296887593255 0.37019981889823883 0.3974698139455842 0.4618516833300841 0.3855850631660771 0.6192720614838114 0.48691814006818723 0.3797583909749622 0.5428959093291343 0.5719980294593578 0.17237586283048328
Elliptical 0.5192968540405312 0.03234694413747086 0.1364878555593747 0.2020099696035915 0.4815001823745925 0.4145854097652821 0.5792760360981541 0.2655086715185006 0.23356244238822282 0.5475800435567114 0.1491898896317822 0.4832066768262434 0.3308793874230462 0.1286347088979831 0.5008382874393691 0.2809519903076028 0.5274868579307713 0.34055161900414754 0.43910909578689006 0.520827579621683 0.2638637497153131 0.19187271755383292 0.3986971956619348 0.5276511127033711 0.34025869082868515
Elliptical 0.4894879023965042 0.03932056100272521 0.42723714846264793 0.45966682941899795 0.5066444882328116 0.5829915187507348 0.6680453615841815 0.3007223642238362 0.13376365604147028 0.2810505979047201 0.27356866837054994 0.4427748988493723 0.3909201706676363 0.35119714065721785 0.2821557849611923 0.4550658725656367 0.46402740628363603 0.523075249975962 0.3765415042627351 0.49254939107153894 0.5627451635894689 0.30410971655588537 0.2840130988671334 0.32361757675352737 0.538641141014974
Elliptical 0.5225334458125389 0.0050224774155915725 0.009139003796018563 0.331994812006469 0.490286848288971 0.5329495790820208 0.3458607068574766 0.20552541979113653 0.35222613630349187 0.5053970758395575 0.21998059413786192 0.46809902316922986 0.5695251174352609 0.5684171595931776 0.5545737538994826 0.5587334845599845 0.6186765367640265 0.7283855039948132 0.5812853617032895 0.5294516498212751 0.438089139607357 0.38519901344912105 0.42347833718890315 0.3041393547691663 0.24719903597604925
Elliptical 0.510777508739468 0.02591424880744326 0.48709900769909004 0.39359242496886737 0.23498889868933434 0.21389671837750562 0.5718608969376344 0.2690855962715264 0.2826886939845242 0.40103155986663236 0.22188779766154845 0.4070820777494802 0.4947168295420823 0.37464294785158103 0.32885623644817785 0.4233930123713227 0.48752298546157924 0.5670435571718213 0.43981401104223394 0.5391441048137153 0.4342159080833577 0.2995714808406458 0.5073163986946863 0.33199352534234106 0.4543332961501058
Elliptical 0.4448056674214926 0.04517972056760872 0.952485767861263 0.2567067824440857 0.08419640942439305 0.2993281249628199 0.0 0.34844793014137737 0.3457050810206701 0.4003957750860864 0.25991855366613825 0.4633064628596475 0.5324052908064258 0.3641183932582177 0.4256069781017033 0.31416762511798435 0.22786280556252075 0.5142892378067436 0.5177103054939436 0.43248532219853913 0.4256652840611176 0.4543160340745715 0.4841185346487567 0.2256704725158502 0.4806353689231108
Elliptical 0.5494165032698377 0.019606232717665352 0.3882053424439387 0.30825049595400345 0.517893294855979 0.5717879821733219 0.9148572396590293 0.3810395627703169 0.18062221647983917 0.4400323373268229 0.19037982730194272 0.39606661575064617 0.5631045519025245 0.13390141537120848 0.344060500671579 0.46500158831288757 0.6353697421841387 0.35452609130983603 0.28669110136100995 0.5088638762649261 0.16678218203266387 0.4983076934480934 0.6597569754068658 0.2663079584381144 0.5818404089006305
Elliptical 0.5266513763079265 0.009711441700517458 0.48448246472561507 0.39470158821406753 0.42321326752125593 0.721790401475071 0.11591685711385485 0.3493010494170851 0.1784988278710803 0.41397612074679846 0.24882839437839094 0.44669171142634034 0.43244305376035175 0.17313559308422746 0.4588929583377279 0.5550324189798056 0.8259708140706308 0.24452276661195205 0.37999433479884226 0.42653291800039594 0.36600812019012074 0.20768180057110908 0.5547671637255581 0.30954743359645914 0.31104652413646156
Elliptical 0.4073984677196211 0.07772855162149098 0.469149899880815 0.24709430783134528 0.36923550244176795 0.5725685596902326 0.9166242534897696 0.4206322965190086 0.10263041656650435 0.39729914416963635 0.22475980261357129 0.294697854212783 0.37080481175451174 0.21693248735281906 0.45127861014897813 0.4275323277324478 0.44564097896674576 0.26525905794339655 0.35677527763820177 0.47063998666666196 0.26852391269454673 0.2971380945316297 0.26366833041339366 0.519999672964322 0.225268716615402
Elliptical 0.45589571956526126 0.03296069755770297 0.5771505786324138 0.23885446793971726 0.4123753909237997 0.8284045509919423 0.28672703358106866 0.3019771396008075 0.19254720609882747 0.48158207982098267 0.22389616403733237 0.39142679103059996 0.5249330698724075 0.5151280057324972 0.534753083877949 0.4418310849160845 0.49630481266101734 0.6201067330438087 0.44285019167171236 0.38976266817533395 0.32941567902966395 0.34815767904454265 0.3406331403483177 0.3430348846586245 0.428214515120059
Elliptical 0.4601326432948196 0.04349461799859382 0.48712586521696033 0.21922165277367356 0.39920334671853785 0.6617454895243531 0.4224947138438738 0.3834907892947135 0.20211206526306547 0.43604018296138947 0.2281380609342196 0.3713643071449335 0.43361842336394735 0.26306971470741025 0.4283276225757067 0.47455525739636245 0.40409304756823566 0.4995524666373272 0.32614585979691707 0.4415071745652412 0.37568953897565477 0.38992887516198027 0.30901503482532583 0.5505155713836769 0.5628854779585653
Elliptical 0.5001543228770771 0.026440759540062093 0.6316218244597225 0.28157321338996977 0.3859060421499346 0.5424309953697345 0.14824087370948608 0.2991837040516962 0.2098066673238606 0.4254798390398739 0.20215995102002723 0.4745510629046324 0.5215415507621475 0.5152767553414587 0.35431463913739814 0.43650593388988207 0.5733867671022053 0.737622052383497 0.28844643361483446 0.49016015775265986 0.4050189037876754 0.23941692395454786 0.34951530282833904 0.3740387582425661 0.5859601519101818
Elliptical 0.16791431571097487 0.22138766563991757 0.5186696116200503 0.4320291488898249 0.6924328988878536 0.4196484221275313 0.8054928733175188 0.4187328588026837 0.14551885961187594 0.5448845937673373 0.13475245953680282 0.32020792736806286 0.43558177351205557 0.298510924701452 0.5083361971811473 0.5330261726669482 0.7449940282475414 0.4707541197545165 0.5207585391769342 0.5368865579555455 1.0 0.39183354010506877 0.8207076929927972 0.38554576061451856 1.0
Elliptical 0.5464276362272442 0.0009042465253585596 0.23500187624729557 0.4034836904107234 0.3735344915467896 0.469166148290612 0.5379775875416936 0.3619928714238061 0.30783974136146125 0.4124246416854427 0.23216968295500426 0.3511615945733413 0.47137830610819437 0.4400954617620168 0.3094676302851449 0.5517439353464508 0.5635871441849061 0.4852709164244888 0.3120103405847453 0.48730891167789947 0.5162940505505145 0.44441001564343213 0.32977778105365085 0.008194818941642257 0.3602605568447936
Elliptical 0.43470973641583266 0.040434945895311734 0.38350646647739417 0.2505278102136201 0.42772352776486 0.7896207573118788 0.40081497357419466 0.40209249043637696 0.2669265886361865 0.3514090604467824 0.30929942297771496 0.4753923307883009 0.5618676600501974 0.5065858869194428 0.3438890598250826 0.41305955360800795 0.49506519551333383 0.16735856049909975 0.19161936470139498 0.38049246236634504 0.3130756890195146 0.24503591101814687 0.6294438202534565 0.47310273762482685 0.0
Elliptical 0.45454001347271683 0.025784874734172757 0.247127290897298 0.3144538004265117 0.3988480925224017 0.7701074191147901 0.5510495046200886 0.20857262807018367 0.2625737359758513 0.5004020217970978 0.2600862627442183 0.44029907442120836 0.4976602751283301 0.32435449472241723 0.3366808256814561 0.5310672795353781 0.575648516013557 0.6433855028180326 0.4148682041016191 0.41419210998538636 0.27120020101350195 0.31322889505622853 0.36065055924185496 0.4154293062828162 0.5815704387843892
Elliptical 0.21723086740388325 0.16100373897517378 0.4013783701531915 0.4267617013500832 0.6483520239640861 0.4877268591144823 0.802548878243068 0.028837903247052765 0.30157710054333886 0.3466777104342913 0.29628871198477147 0.5279332215865558 0.6217348308913838 0.27043840495924065 0.30911781040239955 0.7500342945210805 0.13448789395949368 0.1764207920215024 1.0 0.561583077952239 0.22388259634101487 0.14850848498910657 0.35511529013361054 0.0 0.48749828836708786
Elliptical 0.45794777633563266 0.034282609775388856 0.5113400897664444 0.32105702082391296 0.14111047965844087 0.27927601165823757 0.26522688615167767 0.2098556196754713 0.39494084612568403 0.5528461396421973 0.20880226138288202 0.39308235058981217 0.5252760690035286 0.2530642157313451 0.47260071697398554 0.48050896653556013 0.401375443970167 0.5356160871208415 0.4334898974460377 0.41301344287269764 0.34096692781481974 0.3122571245107363 0.3700108623024108 0.4146038001457426 0.4794874351368433
Elliptical 0.4579626734251754 0.0567495754553615 0.1961637812366163 0.21319188089427624 0.5027964902170023 0.4413384383586926 0.6121555485232293 0.30969822369897054 0.2664406406406211 0.44952654004802595 0.18869135339614285 0.4095222665696924 0.37352310523976096 0.3363572028566189 0.4318201310360149 0.4509204825617287 0.3920354387161119 0.46248604145999994 0.30360674493792433 0.5179591346977083 0.2670869241824201 0.3648597079659722 0.18717129333079838 0.3157917902957917 0.06712262735368607
Elliptical 0.38692250688046087 0.06298264320524063 0.32702143823857 0.3193432213405566 0.4497305618805444 0.6068264946595049 0.19433789302642124 0.08126090056733984 0.46144661594768377 0.6145010887997067 0.24077470296799966 0.6375396887677549 0.41543995750982854 0.16893760124080026 0.3709858754939209 0.4750090676589612 0.28433044278921193 0.3523387382939244 0.3393694305016032 0.5651211124459538 0.0 0.5363274499163233 0.1755191699290102 0.5680342822598443 0.6352168292517537
Elliptical 0.5331380555238625 0.038648924785649345 0.4543069884572591 0.1301058212114921 0.5360368203733112 0.4943889431351106 0.5089994246636316 0.3268404870193483 0.11980372176784998 0.4941982548775238 0.09457659319812138 0.5018556810490012 0.18426416663798934 0.44722147528792594 0.4647958811787595 0.4158826657826856 0.8239832822527413 0.592561118946431 0.3434543737463361 0.7691266999085926 0.2205466923366804 0.2855131139283543 0.502312615305917 0.5042154133298775 0.5838066013940159
Elliptical 0.44193299155400884 0.0625386088237544 0.09940098238012218 0.1593957319658118 0.5047759909281733 0.42688356619266477 0.569445549101963 0.30201809411752867 0.13482167462093955 0.39352312187653676 0.19064822295537578 0.565313990691749 0.46626159517484594 0.47753823799459244 0.34068881883423385 0.6358928840407604 0.4572682135358353 0.2499016529450959 0.22415893318063576 0.7199079583005745 0.5545604799835856 0.052077471027100086 0.24624452003128303 0.2771675834224224 0.39327000357263847
Elliptical 0.4927518518327878 0.04481849018977142 0.69624320462706 0.2667220972049744 0.35080111113875756 0.1831359216289326 0.42002028401045255 0.19497841789818776 0.4222526224965041 0.45073787409816357 0.14423258622264845 0.39979317872380066 0.40682041564661314 0.6524114540608188 0.46761103026907064 0.6001540228636314 0.6886675475543638 0.5274238393204703 0.30743658190631695 0.6128379247215812 0.37323856556042795 0.3402543575050221 0.2973426572219922 0.4256022653918928 0.31312231696985054
Elliptical 0.49993617096477333 0.0019825316658716313 0.09623422649251984 0.3791979168742709 0.30446187026022997 0.6160245281344294 0.09638951279731739 0.2899121733542136 0.2578186915679227 0.443504073953564 0.27740559432035994 0.4700717703254173 0.45499128076080747 0.32136024993034573 0.2992732810105164 0.5324011438325029 0.5959069126825924 0.7042434793724246 0.1735202478485631 0.41490834049471226 0.36166805793355866 0.20362055016588732 0.4540242365485464 0.39907250619592904 0.4169058743903747
Elliptical 0.49365873392219933 0.019658347073712903 0.37333419203951496 0.44235494753935156 0.44824265077816894 0.7609145144367836 0.4208765402917659 0.32689851726104 0.1581935986282073 0.4359936156515464 0.26421893327263896 0.40440424821908805 0.522094307436007 0.10898484012615106 0.31420310044777244 0.418365960414378 0.45291039412176753 0.3475675844948826 0.38741928007879434 0.5565794592752877 0.5081544405993503 0.11588014737537916 0.22719141052225958 0.15716656056573733 0.5736381677169038
Elliptical 0.0 0.3017842310084282 0.10342002193423994 0.21542875472468503 0.8818332765445683 0.1789038321551284 0.059517110823971875 0.0 0.03638618381538472 0.0 0.3143247444696091 0.25966587620078396 0.6448949822839858 0.07566606696264913 0.44053675868748576 0.058227622142457025 0.9210678925303294 0.7273434613134311 0.31492639736093114 0.3510739618644228 0.39068640597955023 0.5258893920201997 0.5248044927346153 0.37965969060156496 0.433380685198313
Elliptical 0.5523363217484539 0.02477243167293528 0.15094955498909401 0.627166335319971 0.7840998378368713 0.532268358112252 0.11615975439334608 0.4752856774593928 0.37008743435881225 0.5944767769550016 0.16712708037993174 0.5170501259833149 0.3567696541009014 0.36886155653153124 0.41106044128864905 0.6635121740717133 0.2750561199292933 0.42202798499105404 0.4341161696600344 0.2789094604747522 0.2697004190861293 0.33301930974820076 0.6250557146623199 0.19319716814981974 0.536232639517064
Elliptical 0.33887786623548255 0.08766801829061643 0.34563469288271415 0.1913418206977186 0.3655476006582585 0.7134282477182093 0.5054960641614848 0.4510444771984995 0.3586987864227025 0.49867188980961186 0.2639439684757303 0.22506089096590126 0.6584092709619468 0.2103359406751194 0.41887363082602735 0.6499844571423798 0.28794881633672753 0.37140008189360757 0.3729779841414704 0.22036668903013626 0.4833083977623419 0.16862281284196115 0.4904776332613964 0.43904424699007893 0.4129358868258498
Elliptical 0.5443416631909449 0.012891756023944857 0.36952420140367487 0.3682687562038891 0.8554093820650157 0.8123424224233552 0.7503030736377961 0.349905904639844 1.0 0.34771045834076986 0.32963043180888263 0.0 0.0 0.5995060428246521 0.0 0.0 0.4823015145256523 0.5909251826215234 0.5056173606457586 0.36192043568238164 0.2955213111300069 0.3063924915058141 0.49055406945203706 0.35700923043122634 0.5605671874902782
Elliptical 0.5217620310587597 0.02195881060435785 0.26990372654689865 0.20261655287139668 0.3758887138540915 0.3553654028523394 0.7409606976738305 0.3774434287783675 0.3638978703022703 0.4143597964287359 0.2312407622272656 0.4921673272156605 0.5929406144972288 0.36041363684852595 0.306029853376322 0.30111185694419973 0.45292933671899194 0.26260687392954307 0.34287571803206285 0.6192780561182896 0.5164301220490222 0.3145840439261613 0.6603657521132513 0.29748990019509547 0.37403316202098996
Elliptical 0.5323219704626031 0.0 0.24616125570505526 0.4105508094359541 0.3171995507858776 0.46923064243470824 0.4089377478576268 0.27018446254610473 0.3308367045240761 0.646990201503563 0.18258118831425804 0.28056258367395026 0.7603006383302898 0.39706520805657625 0.4375762230287553 0.42083331848253946 0.3743157025773336 0.3990992399257573 0.505855770001298 0.3885135498418827 0.264245124205584 0.4052138102217976 0.6015037115364055 1.0 0.7696765357935922
Elliptical 0.5936293336409607 0.015732410073327242 0.1691443329758352 0.5455514390826643 0.7880995539827007 0.4367168362312141 0.01797441200163169 0.40055280185836367 0.33207286287548293 0.5209787763066931 0.1385980410937211 0.41863007646065076 0.3639255246389023 0.25114256447003075 0.5662209633975344 0.390884596182431 0.8296259296721692 0.1707176515047576 0.42776959929053304 0.3595778266579137 0.43727374752628473 0.21479361273067393 0.6294071358583653 0.16208034063032117 0.25015466514221274
Elliptical 0.4286397324291464 0.07087974386742318 0.5384735686812333 0.3559464546181931 0.31895800178409073 0.3380899444498436 0.9688715418180288 0.30901967824852933 0.1584471159548364 0.43109944911576425 0.18339650725565299 0.1924239134448869 0.5234883218241041 0.39632466825508184 0.5036868421203093 0.4941151002492059 0.32283622947370894 0.4639021434530945 0.2692948260579753 0.34715310728970455 0.40708067574254914 0.4348496202115531 0.46724245143111964 0.2763639016657725 0.5095373778782847
Elliptical 0.45962547729266423 0.03491358567346356 0.44431023855995655 0.20793073620402464 0.3173909271015393 0.6905900997057319 0.5014330647472808 0.37453452079128113 0.2710499897635039 0.4673389781504428 0.2657910327658522 0.5032329057014332 0.3449899831015538 0.23814448982679068 0.6482932524203021 0.40070459871448466 0.5625142096796414 0.7540857513158346 0.5763006575396812 0.452643032750117 0.2000063266811747 0.44167969223268 0.3324329152508397 0.13261435532707144 0.3414426336164549
Elliptical 0.5127023627771481 0.016055796718464653 0.32266758571682497 0.2688371084073014 0.34894161225995474 0.538886279083579 0.12185354576791874 0.33181426534298747 0.2962728355525498 0.5640817826912278 0.17924914192952332 0.4614613116598386 0.43549426669567914 0.12223085602685077 0.3830754011619419 0.3131417101255734 0.8033905335619231 0.0 0.40888547477564324 0.4300902331157265 0.27863851251633287 0.2635573728905236 0.45603653885081935 0.058473324061943666 0.6200839072652566
Elliptical 0.5057360016205855 0.0021380731254270757 0.19455138602437597 0.29579501175583767 0.21561835050257755 0.5221285162849194 0.3236166170157625 0.3073170349877207 0.3919248190148449 0.536940875454055 0.2285209420342699 0.4343166778052678 0.5222172070354982 0.2694767195380009 0.3409022097870924 0.566781663269269 0.81013889449014 0.22725288255016846 0.4302194338264692 0.4953743033893633 0.5362721885893907 0.4200170310645685 0.5200867040493145 0.4555755918964956 0.27278700169415315
Elliptical 0.5232143347873472 0.023931525498649256 0.19092649799608502 0.05329053906843645 0.6103756995502939 0.516055278759733 0.6821377267021339 0.24995100326378814 0.14401787888778408 0.6128623812668834 0.06454601330107657 0.524624709050755 1.0 1.0 0.3565511892620018 0.21927397543201166 0.4476141987676184 0.43707148751013597 0.45400919546416607 0.21174334480024712 0.3801732089770317 0.16347915041219135 0.4687734455445924 0.30273879234449314 0.6887100373232498
Elliptical 0.22141439030527493 0.18021913833153422 0.5441364693026559 0.10103352953135841 0.5181166926436898 0.18603834909470474 0.04345974859042828 0.24590936383072737 0.4631311314564385 0.49183021557923856 0.1663036415411471 0.45108554034083864 0.4656719129642653 0.2811446788052341 0.3516701974285076 0.6280131531824713 0.15039868405857437 0.13243353538569785 0.24698326882830066 0.3127210391068242 0.6395652322562675 0.40767166944459615 0.6054128756317507 0.26805561216407764 0.2540866514449083
Elliptical 0.5522369016056856 0.008587681712199709 0.3493197445807186 0.35445220066694594 0.44171215361203126 0.5077786188228567 0.5665406099822482 0.36805261040758885 0.20555848244344932 0.4627820683214406 0.2016645280949547 0.4329691798916113 0.6064313722769539 0.1789611937133126 0.2919800018217422 0.5675360907295618 0.37007893250998314 0.4080914238162672 0.4473379996274542 0.41882426090058056 0.4908762650235403 0.4436945859187013 0.2584016449023365 0.29642446885087714 0.6541471486327672
Elliptical 0.41467516764992 0.06595852912954192 0.22802564337489034 0.1905016047306088 0.46103291189861356 0.5726124273343616 0.4038475430740791 0.30695347317198934 0.32776718025248336 0.5610519317339665 0.17188606809115214 0.3156937902652467 0.40502774728038327 0.26258504766937824 0.38942983720918456 0.5897292999278704 0.4617637558785852 0.4895810485296594 0.2672769300061803 0.3517272423632153 0.446482760022434 0.357195283203515 0.22345867404916422 0.21853912431781616 0.6621537010561636
Elliptical 0.4945832866740919 0.028561955416479212 0.23431276013261387 0.2935890597845907 0.38079633309709526 0.4895947804182509 0.6106878319212631 0.3377564922867684 0.24033244206193388 0.4707629200848976 0.1915799286023776 0.3637918134549728 0.46579131237840016 0.5277775634750371 0.4532852748459278 0.6193720824358446 0.6913493276603923 0.45048867685744226 0.2849190132728448 0.41488499811457974 0.3406385829128717 0.5174499583140264 0.3976618921976647 0.3833961889412508 0.11323680146599796
Elliptical 0.48370175311380026 0.08178658780453342 0.649575651799857 0.07110505265884429 0.5849134279213739 0.30170126029026406 0.5342316392056952 0.4402287599120486 0.18273020435312198 0.5873079682338218 0.0 0.39895699321428796 0.12241496993454903 0.5720797290323902 0.4792851594259301 0.4918034796575076 0.5504630360922396 0.5676970248393858 0.591086698108551 0.5137993797138162 0.47515298093174696 0.22889341289945447 0.2468438347460431 0.2104527446349461 0.7865082737115859
Elliptical 0.4856542918340695 0.02615526151859021 0.12748302622666224 0.2100545760654892 0.35632080411178413 0.4799493253981766 0.6744528631167723 0.2804922062846554 0.3268972886630175 0.4934958006513745 0.22171873714751625 0.5072951379272678 0.43843427222831377 0.22545947517840637 0.2816324976735035 0.5931568192647135 0.4559376243276447 0.5348197024744246 0.31126744485038316 0.4225941995635461 0.24671324401965325 0.2669416246018591 0.3373557948988272 0.4509532731318596 0.7306301541466474
Elliptical 0.5153306139765278 0.021975219987050508 0.11715602869079428 0.2564138330536439 0.48835333493973276 0.5043218556113216 0.4421096676732874 0.3023175240550033 0.21531903093556248 0.46301141446236677 0.19670446230198563 0.49963861819158295 0.46271329683752704 0.3687289959246701 0.31800695701397697 0.43820638664220646 0.3768602075303352 0.6940259094780115 0.23041345510356012 0.5372804982586145 0.48622161115751666 0.3869970321137706 0.31328356816923075 0.21068328527086902 0.5225504246490577
Elliptical 0.396684655548742 0.07047301242743417 0.8284640602728586 0.05456582435835333 0.3081268346248993 0.5663295737489151 0.08472894019495852 0.3080477276361049 0.46262293650530495 0.6243362515570712 0.15472315364364939 0.3897503082966378 0.42956429251201395 0.3207194304693421 0.43806071717360867 0.4765181906964619 0.5484733435647023 0.5272208636047935 0.5589050485822711 0.4182140917939532 0.5141053258377779 0.40107374075538177 0.42361619811749324 0.1988406825943404 0.4257326515218685
Elliptical 0.501001734082142 0.018782319819900126 0.42841007735728576 0.3554950488099974 0.37320519454000933 0.6853443008783456 0.6921761037746649 0.40728745284495327 0.26563376545127215 0.3810851984903554 0.29398733781061925 0.3883568176702506 0.48938277709135686 0.1966980144186064 0.38846050255787473 0.5214872262816521 0.4477689505897622 0.24382177954673556 0.39107002875457053 0.2726741362957362 0.34013683909089093 0.30428091706615534 0.5151400147426958 0.4104777564530193 0.22956721860167328
Elliptical 0.35493980421454135 0.1071925413045696 0.41352823551636453 0.0592504904314006 0.6610060726256927 0.5699229477500692 0.33466867795598554 0.17072695326697132 0.422533759764762 0.594996471998875 0.13017640750120124 0.4163963111061139 0.3665473715877595 0.18048184305311155 0.43694805153451677 0.5889336740483226 0.4505818170626123 0.06373862803503844 0.3845188384807164 0.47967814084832266 0.21967959729004627 0.39836313175537263 0.25830223469150587 0.2241761836617668 0.16083240263970872
Elliptical 0.35410784417194513 0.11379394236555643 0.7126845146039096 1.0 0.3827863747668331 0.06016125445519377 0.8329295673354986 0.1056607676390425 0.3589340077048893 0.47023489238262967 0.2620649383773874 0.8355795035602152 0.3432484419394233 0.47157203040654894 0.18603112981239764 0.428813861984076 0.64719140597993 0.5404519395872422 0.28070750642123365 0.49672329690403344 0.18850872468431626 0.16905007378329792 0.38875311970938514 0.47027512743576805 0.25418636407389905
Elliptical 0.4771497417117238 0.032803378165035216 0.17451943118870844 0.2629988825319206 0.36632309961719933 0.5534366041551719 0.6060271416775526 0.3833438793725461 0.16496022377007583 0.4382654888386095 0.2393430076024108 0.46864489651718544 0.5531613901308863 0.31225699848948407 0.34162582652797185 0.5922249394814708 0.22501656420702515 0.21502633561816123 0.38571969627706093 0.7883251173327288 0.04549863481804994 1.0 1.0 0.13668794180280036 0.7197734882385556
Elliptical 0.460439039908033 0.06360109805628594 0.21250901584519818 0.17073100151355458 0.519331341416192 0.4576883527382844 0.7082829830496461 0.37248138399130676 0.17263617335076917 0.45313985779883725 0.16413623951479822 0.38861214258949844 0.3726498735403352 0.24919780266188912 0.4201751488199687 0.41481320191801585 0.43392842384318636 0.2747085975206153 0.2549055210730172 0.5799591557437168 0.39663869718914896 0.1781193590034529 0.3927069618793139 0.5166053909659012 0.33402952542597486
Elliptical 0.4657851297096066 0.041242991224322616 0.4781888853779814 0.4233642528818273 0.18759359324733932 0.28836494658591316 0.6335069547470039 0.36486869338755173 0.29277891536233636 0.512199817800353 0.20642695975728548 0.2850047387655239 0.5918643073574379 0.28547074015705853 0.4071548097456992 0.5325818110831225 0.44676586264700757 0.43115565583313964 0.43745152448968033 0.29446781459781657 0.34560867795609124 0.32614788088121155 0.45672620685768167 0.2925814603651943 0.27062480018838553
Elliptical 0.4667497358266515 0.020591962168981258 0.3822910388373863 0.43182169349804955 0.24456212310218925 0.6327189051120523 0.6538709298068268 0.2619853026904002 0.24326182423848858 0.6643165330197249 0.17895482112618463 0.2662569155081568 0.6560230767790809 0.3635517230215502 0.46984364076262036 0.47969208406530955 0.6022388504631511 0.6749150723268238 0.47657983592404 0.48430936503825733 0.30868796762103323 0.47350493221338086 0.3320709029401374 0.36271192098416555 0.3058240291244681
Elliptical 0.42107847689462996 0.04117518498902083 0.33444741501766895 0.15861303852171438 0.3407844418699403 0.6846455532732318 0.26683224821428286 0.29399401321089524 0.4896622521443489 0.5139174780401575 0.2613719439031011 0.40163664729662873 0.4706578675995738 0.3000246765623583 0.38826685729459587 0.45576323166275357 0.4833082208243092 0.2628926073225721 0.26061004344027283 0.42099145554021244 0.3381532932629972 0.35217339425725236 0.39890281091642044 0.26307194966626446 0.3698126443635629
Elliptical 0.47464585273702464 0.043291704386297675 0.4107716092409257 0.297027052621267 0.2564507610779988 0.30786211400145747 0.5684530596896766 0.3793410399790823 0.20013077026912146 0.4170814463134963 0.20403187494286226 0.3983575989358615 0.5000027597164189 0.3531436342497097 0.34585994630917655 0.526681158656464 0.4075961894375969 0.4939256680158556 0.21553616903734973 0.29554112480060946 0.44901648011879475 0.474942320736891 0.34983041022708494 0.32988918369858894 0.4502517983696038
Elliptical 0.5067064849374551 0.015601508876225904 0.6398177936426732 0.5064284523095779 0.09814441515807482 0.36283968366338487 0.951576685141875 0.3319237441073187 0.29165212038323285 0.40701560791291935 0.24682274749295469 0.2715485905432139 0.470470843750112 0.20712564537416062 0.3454638468473907 0.6168322465577766 0.68009034591481 0.4144090432340973 0.4215538570386702 0.534600281769891 0.47877571397365437 0.42050560830296096 0.11345393792083819 0.2330272551816934 0.43603296365343713
Elliptical 0.008906495951022608 0.3029176672799977 0.13141449781351788 0.3558236503176214 0.4617291260863153 0.16472610136918253 0.277780731994551 0.9999999999999998 0.5321934335329295 0.5361765543487832 0.25041623355428994 0.44944687033649344 0.8917078014123273 0.36603758450958995 0.2694790805845723 0.537037144201887 0.8095852149889746 0.6764644726220446 0.47173208303400616 0.6355424406010294 0.0073514004024665125 0.34746258492561966 0.0 0.47899044063929774 0.4741393703966064
Elliptical 0.15709539233970937 0.20574821307757016 0.6246057016009102 0.6404057314782454 0.6521326686609156 0.9334397517596217 1.0 0.41028714098578944 0.46545551633196763 0.9607535976495447 0.1629447460399105 0.8098596584079814 0.35194771182856655 0.3454470460730491 0.5907343391821016 0.151555827993762 0.40741465884208977 0.4035025226783899 0.0 0.3487356192815314 0.6479886819160514 0.5678748779295939 0.4503577874077419 0.29794076566835925 0.30671934480777907
Elliptical 0.4197425232448018 0.06822229471678039 0.5236202469834379 0.3703785130174311 0.37352095023831217 0.6490052131158375 0.8551853569997951 0.38302543567687675 0.19657181449052036 0.5500627381367225 0.1911468198208733 0.21132728060909733 0.37837303586666227 0.17028489299726227 0.6014859654234959 0.5004016128513308 0.6757543624343177 0.5501334418638117 0.5100055413736313 0.31022782015707384 0.32310088704255285 0.24572045948881782 0.4013856875323701 0.32125078367569276 0.19096321290966795
Elliptical 0.49444910481657656 0.04581305235798082 0.5724600990095334 0.15009876714499767 0.4628407599997368 0.5455858034232581 0.3746653115667864 0.3814066158903663 0.17035661334382252 0.4403591431052554 0.1618931656296696 0.4352462425907153 0.27342981595066285 0.3372916808941249 0.41768255749119276 0.3593539540727697 0.3814681097700702 0.5503843021233343 0.2534939746095712 0.5600828404212198 0.4529112544434827 0.3583379794894527 0.20626408501572072 0.48790277943491406 0.5698792069028533
Elliptical 0.36391853949032305 0.11141216415984803 0.4138855866288836 0.10260455476729557 0.4826836551923267 0.38175769356502853 0.36236223452516914 0.5512227797673527 0.2928806403249099 0.464632726683505 0.17504575491143043 0.48868364340117565 0.3239847111805823 0.44642160859432456 0.2896337389410429 0.5082977451007217 0.2617222836269738 0.329562152838203 0.44651614952636426 0.5574409129090124 0.34109033938032063 0.18724314588164545 0.4951855373534155 0.18984746182925952 0.15538683993143476
Elliptical 0.49503281151535145 0.011123330366900476 0.32068761759567377 0.31950583102742114 0.3509280016558008 0.384509187048903 0.5374046940437158 0.3141068203195745 0.879522202200999 0.28362504968912505 0.4159736337454336 0.33975156693070113 0.5690496183320211 0.4195002865781494 1.0 0.5253852165312549 0.43901125258896145 0.4057939884303937 0.1673763904372668 1.0 0.43602986767083995 0.1609431050041094 0.4814845932819485 0.2238700273835579 0.7720076388699273
Elliptical 0.40614261201038115 0.1104200731232505 0.3263297040320442 0.1502340510662516 0.5474389960111646 0.13965194602290498 0.6856344682352451 0.3623713023378537 0.2562170637935605 0.49196458305114926 0.07969642664446311 0.19092217288110633 0.259698729119362 0.3749635528660832 0.47785196087865134 0.5897863321615093 0.32489851486661847 0.28405133121423676 0.35038748130043623 0.29363737715767846 0.3360534757585647 0.3588988217364071 0.4078624886658722 0.4350200085981552 0.30070442102366485
Elliptical 0.43080616891795437 0.06513664678842342 0.38206064634120307 0.13339104719521275 0.4923855395068869 0.5154782599908645 0.34935455675326144 0.22032918853142996 0.33791187620147756 0.5208008730291249 0.1737549438116344 0.4492339275838325 0.3131493569006576 0.29596878533475884 0.4780859097204716 0.630643656692313 0.5256406943141055 0.6984030598179954 0.357631590198198 0.16364584502904106 0.14048925641217935 0.45499116935912887 0.3859698497198091 0.3978750077372458 0.27245679102375786
Elliptical 0.4393417041085812 0.06769750075734177 0.28683257821336827 0.27028064127348206 0.5549636515470437 0.5450498341805163 0.641721316440521 0.25724179016325455 0.08875694564758776 0.5045572024563917 0.14489844987973305 0.516169008157181 0.44094007895178516 0.41179769973277214 0.3820050123234914 0.5253505089340303 0.3769368868046826 0.2643802897890204 0.20420085660472176 0.503933442708062 0.5474329150419793 0.3376700656602147 0.2859163129190577 0.41241636517054014 0.5744749359904442
Elliptical 0.4869167133032428 0.03625088932273396 0.3506447144465207 0.21017126698257194 0.440693774351662 0.6165548677008984 0.42373373257571645 0.40307378949905415 0.21566757648542545 0.41849204935962225 0.21787450164033045 0.40954694553505006 0.40432449736256076 0.24982147712091204 0.37534396968303707 0.4696695767915903 0.6018559928475327 0.3107519311375907 0.24665706133270343 0.41584360518476504 0.48255086050515206 0.2669496522014781 0.45213684666601317 0.5165908150057374 0.522418897521252
Elliptical 0.36075982318794997 0.10158467784764277 0.2135888400585522 0.15461450672609778 0.4132176936155231 0.2769596721421629 0.6558346807157994 0.26593497550129613 0.26438390721834387 0.3836507206712738 0.20034104255386392 0.298743605998769 0.4419879887823095 0.3924036414950722 0.35642974895922563 0.4945637266536969 0.18642770156968053 0.4161401139157631 0.027033944986207314 0.41296368741636713 0.4883157883440269 0.35130450430833826 0.20751595125000594 0.26817215629286417 0.4147054675181665
Elliptical 0.48321750812306347 0.03488222000579013 0.09826632431073723 0.28701526859583043 0.5024678318651326 0.4446226195068674 0.31692600410372945 0.23664760940509738 0.419679068861297 0.6263220518192802 0.1657645179446438 0.464130222608408 0.4786171282660373 0.3103101405290873 0.4056789724640469 0.482875217510137 0.4097883147304645 0.5938516796405362 0.29005237791128424 0.42960752157911547 0.44948623324627446 0.4723307839220515 0.37330500762419444 0.44906572470776923 0.45833410940539404
Elliptical 0.49465068088628905 0.021109715875036475 0.2509877838692527 0.2899467352654013 0.3552375384215753 0.4660547176902985 0.26671964828255335 0.35433640424129953 0.41867953570655264 0.5710419420882726 0.18359784407022978 0.3461191188320429 0.5545166211694954 0.4580426750832882 0.38075823932666014 0.555497770182443 0.5982977107198306 0.5202601640119343 0.3759414699445697 0.4666803694785895 0.6415772937014708 0.3483987125537787 0.4482910563433393 0.2526151234330358 0.40616313209205207
Elliptical 0.3696972213624525 0.08970197424341142 0.18260125053329726 0.27929975681146474 0.48879962611314665 0.4109801092512833 0.6980263893291841 0.14518843304998977 0.3983831343903727 0.5095483184396542 0.19867943021429102 0.33306519803379564 0.44258087946383895 0.35854759662549823 0.5948348781300452 0.5637264574338539 0.4295027809094703 0.5340145931492615 0.08007217814553691 0.4780483217214278 0.5080044235551409 0.41279640905240744 0.21858643606255548 0.33304410563940934 0.32724613717729345
Elliptical 0.4957868356158116 0.022370801092006946 0.3170316705357018 0.22131636076894728 0.29703574969472035 0.4013399592717074 0.38804800458589833 0.30893172290500037 0.35295095956226397 0.5060110156403123 0.20883629254345001 0.45528484856826523 0.5190992801012324 0.2843390961876473 0.3113214019815149 0.5078499757834471 0.3520921862506847 0.7147417151963943 0.262488652564447 0.41916562071724733 0.3085188960806581 0.38961238362197015 0.3265495255209488 0.35860122338091377 0.5725699153650754
Elliptical 0.5168708626089968 0.01705521113178287 0.3821436075751879 0.3802036418780524 0.2925548124910696 0.3400732477195544 0.5523239565782339 0.28450657571641175 0.42202547669962476 0.4584536109415343 0.23586403851044793 0.3805412608305351 0.4858449847631398 0.17973253140664514 0.3473378603213339 0.575838573178441 0.5774431613969156 0.3973852364633268 0.35573375269178903 0.47445009207901045 0.47355366424994066 0.3929859853049536 0.42273090027916876 0.5896617559083207 0.4245570777682616
Elliptical 0.48758212824547426 0.031070413135959322 0.7150024584868333 0.4524107621094262 0.0 0.023394671218303742 0.36684663391052996 0.2893455570268578 0.3402547808806444 0.4542664945552155 0.2142505826278066 0.3763259464715461 0.5725555893408729 0.3340654011134444 0.3597747675563682 0.3935867897495516 0.4428341762342091 0.46098774306417145 0.2932128872227784 0.34813576301597965 0.4996028395769443 0.3915095739320886 0.5545085586215288 0.32192472162896846 0.41659442728307905
Elliptical 0.4691642502749648 0.027860636149775513 0.3297026540797661 0.3047335448709743 0.30572977837503285 0.635427636843977 0.6049936570163474 0.3464317913539662 0.24593799157563975 0.4561835608985674 0.25038482926292965 0.3771742910635779 0.4913186469382838 0.22404169906980198 0.37035562766988017 0.5769872245447526 0.5345461000466013 0.44751129736555684 0.25767078413981537 0.5674815527702952 0.37022773987321567 0.3104350801110335 0.40044955773750257 0.4274434913241527 0.6057265729889628
Elliptical 0.544234070467477 0.04901778472389865 1.0 0.08530216410846625 0.7187621361305654 0.6251137642733379 0.3867457306602028 0.3451940690921514 0.18516483146785484 0.43925591091559324 0.10471502598245547 0.570841795344724 0.47213498850395025 0.13337557238945863 0.43485756777897494 0.5463664812896458 0.7802906802011484 0.533243756431208 0.4602014308844928 0.7456102948356182 0.2710763206539252 0.46670296882370005 0.4343664589124871 0.6221180761063965 0.26233899237049374
Elliptical 0.5901289192800386 0.03205184956766477 0.7409566987197462 0.24153526734789293 0.9319640143695 0.46717932157377673 0.560874861303403 0.2614908789390943 0.5654694621555263 0.3725886068509223 0.1383942574347363 0.4285150807339804 0.5987952780184815 0.2549452352497203 0.18935187792311559 1.0 1.0 0.5566124862941491 0.11685967579495349 0.4423081093118863 0.48717460469975815 0.3476839734844077 0.41864893908509615 0.2649836780293159 0.45379740862572765
Elliptical 0.5710436311308057 0.02114547616930932 0.5621248804082302 0.1907736939166779 0.6393172122840309 0.5493954133036468 0.751952355482115 0.4286953817047575 0.2838312258515384 0.3826314349630724 0.2208450822696914 0.4868087943748662 0.6412722172304715 0.07196230801399475 0.38950108048357956 0.25483797132479274 0.03477769084669502 0.873097125730779 0.41846552677318816 0.6307213369742033 0.514325227685883 0.3978326030256811 0.3461772868837167 0.22169259861397989 0.2666983100584154
Elliptical 0.5481825652916333 0.01647741709806362 0.6871658303286285 0.3397452335860317 0.6167521599415298 0.762092843227989 0.6697644069299982 0.38928105677195385 0.31720763867947316 0.3864870406055186 0.2473844483057072 0.3376277141211367 0.6281383655560691 0.09245852524070688 0.39445338994827406 0.5333371173197449 0.5245958563501616 0.6197879367849327 0.2984738014104923 0.5650313393946671 0.4828223895407118 0.37687052057290965 0.33379371583719397 0.4369624102084495 0.33612327657178137
Elliptical 0.567032921894195 0.017208007801401 0.4842264021095904 0.13427040253 0.5136052834716658 0.3365052216669525 0.4905599348785268 0.3676135833302447 0.4667308789831182 0.46873305071022964 0.19054093730732483 0.5206450874013878 0.6677331757561255 0.0 0.309323524148868 0.16403956331177832 0.34468866207905524 0.33322986890030204 0.3646372661696325 0.7167983766601884 0.5919622212704345 0.48355935628859276 0.23347179670752574 0.2840083688164466 0.01373022780163241
Elliptical 0.5226578160635811 0.008691571701893962 0.10469713969415612 0.4510239473506639 0.3759087414340011 0.5246719957993397 0.19028311847713197 0.2753129072225921 0.29300185578932986 0.721171627685296 0.15079178508454807 0.40462813795682373 0.8898784637937258 0.11254433289349908 0.3871486339433228 0.3687044207157918 0.5904713341803929 0.35649622430638994 0.428345763374803 0.5408517898749284 0.8025277253240926 0.17366620703921395 0.1475144713146987 0.3043474316062795 0.5015584549332414
Elliptical 0.5939076789311488 0.02454956433840775 0.3634274596935751 0.2139539432699808 0.7348332699469959 0.34786606594158176 0.9673724190234951 0.341341749315965 0.3419115882244106 0.4825147087622469 0.11683462156639039 0.44785263289949456 0.7230813929446822 0.13967036817469483 0.39035911110203564 0.4467292350862892 0.583295505782441 0.16710658789695487 0.3671241247613683 0.37866375359937754 0.33718868155896387 0.274570044531561 0.5052398814652698 0.4894071743502676 0.58456175738832
Elliptical 0.4938906089908567 0.03923485168430216 0.36580380552226377 0.25312641507978295 0.28160238830122997 0.22579018908100784 0.6218942870473951 0.3230288316943857 0.2415132261007502 0.4463503678710783 0.18554409311893166 0.47564657269078275 0.5188362528198563 0.32683048538533577 0.40518224466754754 0.35848075732796736 0.5976366734575594 0.5202503626894086 0.4026767347877997 0.39659370026353 0.5831424706683898 0.2609832552925716 0.4578074425184609 0.4040728310949382 0.10590679404171205
Elliptical 0.5056520736247043 0.03048340007765355 0.12241095437410887 0.1636497396790464 0.4518663993739203 0.4079225919664694 0.5607410220216038 0.30973328236220504 0.27756973994704465 0.5012462147609067 0.1652168943146432 0.4983842331509385 0.48233291289990043 0.4067609291268444 0.36257912019690547 0.38483075585106963 0.566662596828086 0.5484426589244364 0.3665253924321012 0.4860296097694189 0.5237163817451094 0.2656149520507218 0.44106990925826894 0.27862305978429847 0.14197900587474954
Elliptical 0.3455658836145845 0.07149306765995093 0.7511878697431709 0.23515758885383256 0.43053467616514224 1.0 0.20149364440206263 0.27834288088031345 0.3578417828300616 0.430257033404457 0.3261433171175331 0.4201714069848288 0.6017220698778238 0.1571104126501914 0.32171166241250115 0.603328938388715 0.4026195389883913 0.4971356276764687 0.0683371628125431 0.24623115666560683 0.5844629797040474 0.3414067866678426 0.3040177817440426 0.4641258114857095 0.7545863862151563
Elliptical 0.5008505257255962 0.021759663902378656 0.3992375630130542 0.1801293742458597 0.4862375484498182 0.6169497434482767 0.43435027983034874 0.28668598128713696 0.474824366873853 0.4904637346791937 0.25931061092967944 0.49341843651184997 0.610891362094437 0.035688622365061096 0.4064678607599973 0.35844754214343655 0.39096946313748504 0.5413647804312915 0.5253228528015845 0.37263195555197787 0.4985117968844127 0.21187330661102033 0.34150385302847347 0.3647492564931727 0.4861695456431102
Elliptical 0.6114830819559682 0.023264867351496125 0.5034394328642868 0.062376609526189813 0.7140101932526646 0.15503219193757312 0.8803383342594843 0.37442453861965763 0.5213756182727193 0.43847809372259194 0.14841853397200616 0.6035092869283094 0.8486750377727297 0.0073579415225412115 0.5348771864080002 0.5233944493550216 0.4062835380042436 0.9949870831284409 0.04652389929182482 0.2001170644175556 0.07601544030367158 0.0 0.8058286110298767 0.1766035337445967 0.45102206032882325
Elliptical 0.5823931626878583 0.037758015156256486 0.699487448554553 0.07456054070906981 0.5574820488606799 0.07149316521129012 0.510989529456534 0.30754074486610805 0.38408888630451454 0.524101114256279 0.04985219690299236 0.5557780727218709 0.5170611606570978 0.19603463476527663 0.24382240308495629 0.3499811860687658 0.6433159723595478 0.08977463595553675 0.38830213491652094 0.3404206454119132 0.27817356734930604 0.4050322724333415 0.20562753305222597 0.3573403878760063 0.8808334984060697
Elliptical 0.4842294091552403 0.01800530932413129 0.0 0.0 0.14221152038405382 0.4087969246176774 0.8298329934129416 0.4912733359755718 0.4598323480480044 0.13487533700932391 0.4691731230310318 1.0 0.12460844540053206 0.28325176188347934 0.5220342510365683 0.594447891448367 0.6701575653538032 0.562465620537504 0.6609365317014853 0.0 0.7510767274877347 0.5021491945669175 0.37756203160220936 0.4660616251640858 0.6409821235869104
Elliptical 0.49793323177301624 0.023239231717595323 0.8114993620058424 0.24032618088654017 0.7196439038238565 0.9770213172753218 0.48575372315844706 0.324448701852694 0.24061579829790047 0.20398834939486754 0.32377273067077794 0.5607416278408981 0.9827332607693805 0.9218976363374751 0.49664339859787854 0.48923398512260263 0.49762640054010204 0.26655057497072765 0.4059588889572548 0.41187308234521397 0.3573898476534287 0.48119230118158773 0.29070619618802424 0.36044347204220817 0.24808850936752996
Elliptical 0.5171290480585042 0.0338730908110747 0.36048376261690274 0.276241959653541 0.6116046491597171 0.5530326434594595 0.8524563372544389 0.2202600099559136 0.31823940719993876 0.5452782028258912 0.1752296914210433 0.4132640854269823 0.6172459915265583 0.09715598275768791 0.552375593172048 0.39106497004659413 0.4351958904865708 0.5649973248417223 0.7352316797584602 0.3090457128323366 0.4145764469827248 0.3535780498656651 0.14120795259970348 0.391568445629087 0.41379318539059073
Elliptical 0.6361780689478155 0.012999231378195357 0.38137471935924455 0.6290302262934723 0.8288467579512345 0.41360597979374786 0.05827335239748682 0.49786484118437196 0.0 0.4199247569428363 0.11917216202985864 0.40735787099710447 0.41788143036125797 0.20651668902521408 0.3650036826753408 0.5952053256386675 0.20964730338488463 0.9113509552057133 0.3511653626590084 0.3239635210857902 0.4381718128847308 0.47569375037994 0.37031469098489633 0.1409236641968142 0.2482981087113965
Elliptical 0.5071588894896744 0.016179958267953015 0.3288408542495042 0.24128021030636482 0.3625499139690026 0.6288293749058178 0.3633495511759247 0.40750012145221054 0.22588850524163465 0.3981135873997107 0.25511673791955103 0.4715414487107167 0.43636758950858917 0.34465356091078475 0.3038268951987807 0.43633618072758645 0.3854010183137183 0.34034272441005625 0.38098194506798505 0.5774072828408838 0.596744271171439 0.3909782445735314 0.46365203578357456 0.5108599005259833 0.38075405557968345
Elliptical 0.5512118026522979 0.011143556407220367 0.20012348014976072 0.35010867978396365 0.44337516165095336 0.3527921179169933 0.4901000713328928 0.28838826419381985 0.3396387965772753 0.5552658624766388 0.15794190111160183 0.3567599996985682 0.5227248514393258 0.3211030738322779 0.49993325034021685 0.48377057764786363 0.5570529663669737 0.5234113589077787 0.4122813710791776 0.29168347369623937 0.2818115486295295 0.4248570843045042 0.4506218338578503 0.4382496524268458 0.2302030849925059
Elliptical 0.5560553421283632 0.023020562048908517 0.7560211788777452 0.2437913826388322 0.2679779388000999 0.15738876359068543 0.2620090619847461 0.38632374575783424 0.2691630713350278 0.4431497535577075 0.14743972191003712 0.43673552324428666 0.49170746575678287 0.3497865660222255 0.4181449361769965 0.23848092219177755 0.4828260540689257 0.4033619797092963 0.35342252734566193 0.35889904747072615 0.4632337149974018 0.38095439545721815 0.4829768417679615 0.3355708264630334 0.46362355534288646
Elliptical 0.6864440629392492 0.010648440379832307 0.40839819012950096 0.7184289407283404 1.0000000000000002 0.1165978423855063 0.059847198385227895 0.4661701837061004 0.27889583993569045 0.17140923704479277 0.21772139019208173 0.4324655759195949 0.41322026704882975 0.3595061898319527 0.7173278670310443 0.44985949999892716 0.0679922411800496 0.08466669713532748 0.3466984506808723 0.336197326416255 0.3644234730016878 0.36435234128870414 0.0976093930409932 0.6564206265315842 0.6759661235477985
